mesh 1 231 400 22
node 1 0 0
node 2 0.1 0
node 3 0.2 0
node 4 0.3 0
node 5 0.4 0
node 6 0.5 0
node 7 0.6 0
node 8 0.7 0
node 9 0.8 0
node 10 0.9 0
node 11 1.0 0
node 12 0 0.1
node 13 0.1 0.1
node 14 0.2 0.1
node 15 0.3 0.1
node 16 0.4 0.1
node 17 0.5 0.1
node 18 0.6 0.1
node 19 0.7 0.1
node 20 0.8 0.1
node 21 0.9 0.1
node 22 1.0 0.1
node 23 0 0.2
node 24 0.1 0.2
node 25 0.2 0.2
node 26 0.3 0.2
node 27 0.4 0.2
node 28 0.5 0.2
node 29 0.6 0.2
node 30 0.7 0.2
node 31 0.8 0.2
node 32 0.9 0.2
node 33 1.0 0.2
node 34 0 0.3
node 35 0.1 0.3
node 36 0.2 0.3
node 37 0.3 0.3
node 38 0.4 0.3
node 39 0.5 0.3
node 40 0.6 0.3
node 41 0.7 0.3
node 42 0.8 0.3
node 43 0.9 0.3
node 44 1.0 0.3
node 45 0 0.4
node 46 0.1 0.4
node 47 0.2 0.4
node 48 0.3 0.4
node 49 0.4 0.4
node 50 0.5 0.4
node 51 0.6 0.4
node 52 0.7 0.4
node 53 0.8 0.4
node 54 0.9 0.4
node 55 1.0 0.4
node 56 0 0.5
node 57 0.1 0.5
node 58 0.2 0.5
node 59 0.3 0.5
node 60 0.4 0.5
node 61 0.5 0.5
node 62 0.6 0.5
node 63 0.7 0.5
node 64 0.8 0.5
node 65 0.9 0.5
node 66 1.0 0.5
node 67 0 0.6
node 68 0.1 0.6
node 69 0.2 0.6
node 70 0.3 0.6
node 71 0.4 0.6
node 72 0.5 0.6
node 73 0.6 0.6
node 74 0.7 0.6
node 75 0.8 0.6
node 76 0.9 0.6
node 77 1.0 0.6
node 78 0 0.7
node 79 0.1 0.7
node 80 0.2 0.7
node 81 0.3 0.7
node 82 0.4 0.7
node 83 0.5 0.7
node 84 0.6 0.7
node 85 0.7 0.7
node 86 0.8 0.7
node 87 0.9 0.7
node 88 1.0 0.7
node 89 0 0.8
node 90 0.1 0.8
node 91 0.2 0.8
node 92 0.3 0.8
node 93 0.4 0.8
node 94 0.5 0.8
node 95 0.6 0.8
node 96 0.7 0.8
node 97 0.8 0.8
node 98 0.9 0.8
node 99 1.0 0.8
node 100 0 0.9
node 101 0.1 0.9
node 102 0.2 0.9
node 103 0.3 0.9
node 104 0.4 0.9
node 105 0.5 0.9
node 106 0.6 0.9
node 107 0.7 0.9
node 108 0.8 0.9
node 109 0.9 0.9
node 110 1.0 0.9
node 111 0 1.0
node 112 0.1 1.0
node 113 0.2 1.0
node 114 0.3 1.0
node 115 0.4 1.0
node 116 0.5 1.0
node 117 0.6 1.0
node 118 0.7 1.0
node 119 0.8 1.0
node 120 0.9 1.0
node 121 1.0 1.0
node 122 0 1.1
node 123 0.1 1.1
node 124 0.2 1.1
node 125 0.3 1.1
node 126 0.4 1.1
node 127 0.5 1.1
node 128 0.6 1.1
node 129 0.7 1.1
node 130 0.8 1.1
node 131 0.9 1.1
node 132 1.0 1.1
node 133 0 1.2
node 134 0.1 1.2
node 135 0.2 1.2
node 136 0.3 1.2
node 137 0.4 1.2
node 138 0.5 1.2
node 139 0.6 1.2
node 140 0.7 1.2
node 141 0.8 1.2
node 142 0.9 1.2
node 143 1.0 1.2
node 144 0 1.3
node 145 0.1 1.3
node 146 0.2 1.3
node 147 0.3 1.3
node 148 0.4 1.3
node 149 0.5 1.3
node 150 0.6 1.3
node 151 0.7 1.3
node 152 0.8 1.3
node 153 0.9 1.3
node 154 1.0 1.3
node 155 0 1.4
node 156 0.1 1.4
node 157 0.2 1.4
node 158 0.3 1.4
node 159 0.4 1.4
node 160 0.5 1.4
node 161 0.6 1.4
node 162 0.7 1.4
node 163 0.8 1.4
node 164 0.9 1.4
node 165 1.0 1.4
node 166 0 1.5
node 167 0.1 1.5
node 168 0.2 1.5
node 169 0.3 1.5
node 170 0.4 1.5
node 171 0.5 1.5
node 172 0.6 1.5
node 173 0.7 1.5
node 174 0.8 1.5
node 175 0.9 1.5
node 176 1.0 1.5
node 177 0 1.6
node 178 0.1 1.6
node 179 0.2 1.6
node 180 0.3 1.6
node 181 0.4 1.6
node 182 0.5 1.6
node 183 0.6 1.6
node 184 0.7 1.6
node 185 0.8 1.6
node 186 0.9 1.6
node 187 1.0 1.6
node 188 0 1.7
node 189 0.1 1.7
node 190 0.2 1.7
node 191 0.3 1.7
node 192 0.4 1.7
node 193 0.5 1.7
node 194 0.6 1.7
node 195 0.7 1.7
node 196 0.8 1.7
node 197 0.9 1.7
node 198 1.0 1.7
node 199 0 1.8
node 200 0.1 1.8
node 201 0.2 1.8
node 202 0.3 1.8
node 203 0.4 1.8
node 204 0.5 1.8
node 205 0.6 1.8
node 206 0.7 1.8
node 207 0.8 1.8
node 208 0.9 1.8
node 209 1.0 1.8
node 210 0 1.9
node 211 0.1 1.9
node 212 0.2 1.9
node 213 0.3 1.9
node 214 0.4 1.9
node 215 0.5 1.9
node 216 0.6 1.9
node 217 0.7 1.9
node 218 0.8 1.9
node 219 0.9 1.9
node 220 1.0 1.9
node 221 0 2.0
node 222 0.1 2.0
node 223 0.2 2.0
node 224 0.3 2.0
node 225 0.4 2.0
node 226 0.5 2.0
node 227 0.6 2.0
node 228 0.7 2.0
node 229 0.8 2.0
node 230 0.9 2.0
node 231 1.0 2.0
elem 1 1 2 13
elem 2 1 13 12
elem 3 2 3 14
elem 4 2 14 13
elem 5 3 4 15
elem 6 3 15 14
elem 7 4 5 16
elem 8 4 16 15
elem 9 5 6 17
elem 10 5 17 16
elem 11 6 7 18
elem 12 6 18 17
elem 13 7 8 19
elem 14 7 19 18
elem 15 8 9 20
elem 16 8 20 19
elem 17 9 10 21
elem 18 9 21 20
elem 19 10 11 22
elem 20 10 22 21
elem 21 12 13 24
elem 22 12 24 23
elem 23 13 14 25
elem 24 13 25 24
elem 25 14 15 26
elem 26 14 26 25
elem 27 15 16 27
elem 28 15 27 26
elem 29 16 17 28
elem 30 16 28 27
elem 31 17 18 29
elem 32 17 29 28
elem 33 18 19 30
elem 34 18 30 29
elem 35 19 20 31
elem 36 19 31 30
elem 37 20 21 32
elem 38 20 32 31
elem 39 21 22 33
elem 40 21 33 32
elem 41 23 24 35
elem 42 23 35 34
elem 43 24 25 36
elem 44 24 36 35
elem 45 25 26 37
elem 46 25 37 36
elem 47 26 27 38
elem 48 26 38 37
elem 49 27 28 39
elem 50 27 39 38
elem 51 28 29 40
elem 52 28 40 39
elem 53 29 30 41
elem 54 29 41 40
elem 55 30 31 42
elem 56 30 42 41
elem 57 31 32 43
elem 58 31 43 42
elem 59 32 33 44
elem 60 32 44 43
elem 61 34 35 46
elem 62 34 46 45
elem 63 35 36 47
elem 64 35 47 46
elem 65 36 37 48
elem 66 36 48 47
elem 67 37 38 49
elem 68 37 49 48
elem 69 38 39 50
elem 70 38 50 49
elem 71 39 40 51
elem 72 39 51 50
elem 73 40 41 52
elem 74 40 52 51
elem 75 41 42 53
elem 76 41 53 52
elem 77 42 43 54
elem 78 42 54 53
elem 79 43 44 55
elem 80 43 55 54
elem 81 45 46 57
elem 82 45 57 56
elem 83 46 47 58
elem 84 46 58 57
elem 85 47 48 59
elem 86 47 59 58
elem 87 48 49 60
elem 88 48 60 59
elem 89 49 50 61
elem 90 49 61 60
elem 91 50 51 62
elem 92 50 62 61
elem 93 51 52 63
elem 94 51 63 62
elem 95 52 53 64
elem 96 52 64 63
elem 97 53 54 65
elem 98 53 65 64
elem 99 54 55 66
elem 100 54 66 65
elem 101 56 57 68
elem 102 56 68 67
elem 103 57 58 69
elem 104 57 69 68
elem 105 58 59 70
elem 106 58 70 69
elem 107 59 60 71
elem 108 59 71 70
elem 109 60 61 72
elem 110 60 72 71
elem 111 61 62 73
elem 112 61 73 72
elem 113 62 63 74
elem 114 62 74 73
elem 115 63 64 75
elem 116 63 75 74
elem 117 64 65 76
elem 118 64 76 75
elem 119 65 66 77
elem 120 65 77 76
elem 121 67 68 79
elem 122 67 79 78
elem 123 68 69 80
elem 124 68 80 79
elem 125 69 70 81
elem 126 69 81 80
elem 127 70 71 82
elem 128 70 82 81
elem 129 71 72 83
elem 130 71 83 82
elem 131 72 73 84
elem 132 72 84 83
elem 133 73 74 85
elem 134 73 85 84
elem 135 74 75 86
elem 136 74 86 85
elem 137 75 76 87
elem 138 75 87 86
elem 139 76 77 88
elem 140 76 88 87
elem 141 78 79 90
elem 142 78 90 89
elem 143 79 80 91
elem 144 79 91 90
elem 145 80 81 92
elem 146 80 92 91
elem 147 81 82 93
elem 148 81 93 92
elem 149 82 83 94
elem 150 82 94 93
elem 151 83 84 95
elem 152 83 95 94
elem 153 84 85 96
elem 154 84 96 95
elem 155 85 86 97
elem 156 85 97 96
elem 157 86 87 98
elem 158 86 98 97
elem 159 87 88 99
elem 160 87 99 98
elem 161 89 90 101
elem 162 89 101 100
elem 163 90 91 102
elem 164 90 102 101
elem 165 91 92 103
elem 166 91 103 102
elem 167 92 93 104
elem 168 92 104 103
elem 169 93 94 105
elem 170 93 105 104
elem 171 94 95 106
elem 172 94 106 105
elem 173 95 96 107
elem 174 95 107 106
elem 175 96 97 108
elem 176 96 108 107
elem 177 97 98 109
elem 178 97 109 108
elem 179 98 99 110
elem 180 98 110 109
elem 181 100 101 112
elem 182 100 112 111
elem 183 101 102 113
elem 184 101 113 112
elem 185 102 103 114
elem 186 102 114 113
elem 187 103 104 115
elem 188 103 115 114
elem 189 104 105 116
elem 190 104 116 115
elem 191 105 106 117
elem 192 105 117 116
elem 193 106 107 118
elem 194 106 118 117
elem 195 107 108 119
elem 196 107 119 118
elem 197 108 109 120
elem 198 108 120 119
elem 199 109 110 121
elem 200 109 121 120
elem 201 111 112 123
elem 202 111 123 122
elem 203 112 113 124
elem 204 112 124 123
elem 205 113 114 125
elem 206 113 125 124
elem 207 114 115 126
elem 208 114 126 125
elem 209 115 116 127
elem 210 115 127 126
elem 211 116 117 128
elem 212 116 128 127
elem 213 117 118 129
elem 214 117 129 128
elem 215 118 119 130
elem 216 118 130 129
elem 217 119 120 131
elem 218 119 131 130
elem 219 120 121 132
elem 220 120 132 131
elem 221 122 123 134
elem 222 122 134 133
elem 223 123 124 135
elem 224 123 135 134
elem 225 124 125 136
elem 226 124 136 135
elem 227 125 126 137
elem 228 125 137 136
elem 229 126 127 138
elem 230 126 138 137
elem 231 127 128 139
elem 232 127 139 138
elem 233 128 129 140
elem 234 128 140 139
elem 235 129 130 141
elem 236 129 141 140
elem 237 130 131 142
elem 238 130 142 141
elem 239 131 132 143
elem 240 131 143 142
elem 241 133 134 145
elem 242 133 145 144
elem 243 134 135 146
elem 244 134 146 145
elem 245 135 136 147
elem 246 135 147 146
elem 247 136 137 148
elem 248 136 148 147
elem 249 137 138 149
elem 250 137 149 148
elem 251 138 139 150
elem 252 138 150 149
elem 253 139 140 151
elem 254 139 151 150
elem 255 140 141 152
elem 256 140 152 151
elem 257 141 142 153
elem 258 141 153 152
elem 259 142 143 154
elem 260 142 154 153
elem 261 144 145 156
elem 262 144 156 155
elem 263 145 146 157
elem 264 145 157 156
elem 265 146 147 158
elem 266 146 158 157
elem 267 147 148 159
elem 268 147 159 158
elem 269 148 149 160
elem 270 148 160 159
elem 271 149 150 161
elem 272 149 161 160
elem 273 150 151 162
elem 274 150 162 161
elem 275 151 152 163
elem 276 151 163 162
elem 277 152 153 164
elem 278 152 164 163
elem 279 153 154 165
elem 280 153 165 164
elem 281 155 156 167
elem 282 155 167 166
elem 283 156 157 168
elem 284 156 168 167
elem 285 157 158 169
elem 286 157 169 168
elem 287 158 159 170
elem 288 158 170 169
elem 289 159 160 171
elem 290 159 171 170
elem 291 160 161 172
elem 292 160 172 171
elem 293 161 162 173
elem 294 161 173 172
elem 295 162 163 174
elem 296 162 174 173
elem 297 163 164 175
elem 298 163 175 174
elem 299 164 165 176
elem 300 164 176 175
elem 301 166 167 178
elem 302 166 178 177
elem 303 167 168 179
elem 304 167 179 178
elem 305 168 169 180
elem 306 168 180 179
elem 307 169 170 181
elem 308 169 181 180
elem 309 170 171 182
elem 310 170 182 181
elem 311 171 172 183
elem 312 171 183 182
elem 313 172 173 184
elem 314 172 184 183
elem 315 173 174 185
elem 316 173 185 184
elem 317 174 175 186
elem 318 174 186 185
elem 319 175 176 187
elem 320 175 187 186
elem 321 177 178 189
elem 322 177 189 188
elem 323 178 179 190
elem 324 178 190 189
elem 325 179 180 191
elem 326 179 191 190
elem 327 180 181 192
elem 328 180 192 191
elem 329 181 182 193
elem 330 181 193 192
elem 331 182 183 194
elem 332 182 194 193
elem 333 183 184 195
elem 334 183 195 194
elem 335 184 185 196
elem 336 184 196 195
elem 337 185 186 197
elem 338 185 197 196
elem 339 186 187 198
elem 340 186 198 197
elem 341 188 189 200
elem 342 188 200 199
elem 343 189 190 201
elem 344 189 201 200
elem 345 190 191 202
elem 346 190 202 201
elem 347 191 192 203
elem 348 191 203 202
elem 349 192 193 204
elem 350 192 204 203
elem 351 193 194 205
elem 352 193 205 204
elem 353 194 195 206
elem 354 194 206 205
elem 355 195 196 207
elem 356 195 207 206
elem 357 196 197 208
elem 358 196 208 207
elem 359 197 198 209
elem 360 197 209 208
elem 361 199 200 211
elem 362 199 211 210
elem 363 200 201 212
elem 364 200 212 211
elem 365 201 202 213
elem 366 201 213 212
elem 367 202 203 214
elem 368 202 214 213
elem 369 203 204 215
elem 370 203 215 214
elem 371 204 205 216
elem 372 204 216 215
elem 373 205 206 217
elem 374 205 217 216
elem 375 206 207 218
elem 376 206 218 217
elem 377 207 208 219
elem 378 207 219 218
elem 379 208 209 220
elem 380 208 220 219
elem 381 210 211 222
elem 382 210 222 221
elem 383 211 212 223
elem 384 211 223 222
elem 385 212 213 224
elem 386 212 224 223
elem 387 213 214 225
elem 388 213 225 224
elem 389 214 215 226
elem 390 214 226 225
elem 391 215 216 227
elem 392 215 227 226
elem 393 216 217 228
elem 394 216 228 227
elem 395 217 218 229
elem 396 217 229 228
elem 397 218 219 230
elem 398 218 230 229
elem 399 219 220 231
elem 400 219 231 230
boun 1 0
boun 2 0
boun 3 0
boun 4 0
boun 5 0
boun 6 0
boun 7 0
boun 8 0
boun 9 0
boun 10 0
boun 11 0
boun 221 1
boun 222 1
boun 223 1
boun 224 1
boun 225 1
boun 226 1
boun 227 1
boun 228 1
boun 229 1
boun 230 1
boun 231 1
