mesh 1 28 36 18
node 1 0.0 0.0
node 2 0.3333333333333333 0.0
node 3 0.6666666666666666 0.0
node 4 1.0 0.0
node 5 0.0 0.3333333333333333
node 6 0.3333333333333333 0.3333333333333333
node 7 0.6666666666666666 0.3333333333333333
node 8 1.0 0.3333333333333333
node 9 0.0 0.6666666666666666
node 10 0.3333333333333333 0.6666666666666666
node 11 0.6666666666666666 0.6666666666666666
node 12 1.0 0.6666666666666666
node 13 0.0 1.0
node 14 0.3333333333333333 1.0
node 15 0.6666666666666666 1.0
node 16 1.0 1.0
node 17 0.0 1.3333333333333333
node 18 0.3333333333333333 1.3333333333333333
node 19 0.6666666666666666 1.3333333333333333
node 20 1.0 1.3333333333333333
node 21 0.0 1.6666666666666665
node 22 0.3333333333333333 1.6666666666666665
node 23 0.6666666666666666 1.6666666666666665
node 24 1.0 1.6666666666666665
node 25 0.0 2.0
node 26 0.3333333333333333 2.0
node 27 0.6666666666666666 2.0
node 28 1.0 2.0
elem 1 1 2 6
elem 2 1 6 5
elem 3 2 3 7
elem 4 2 7 6
elem 5 3 4 8
elem 6 3 8 7
elem 7 5 6 10
elem 8 5 10 9
elem 9 6 7 11
elem 10 6 11 10
elem 11 7 8 12
elem 12 7 12 11
elem 13 9 10 14
elem 14 9 14 13
elem 15 10 11 15
elem 16 10 15 14
elem 17 11 12 16
elem 18 11 16 15
elem 19 13 14 18
elem 20 13 18 17
elem 21 14 15 19
elem 22 14 19 18
elem 23 15 16 20
elem 24 15 20 19
elem 25 17 18 22
elem 26 17 22 21
elem 27 18 19 23
elem 28 18 23 22
elem 29 19 20 24
elem 30 19 24 23
elem 31 21 22 26
elem 32 21 26 25
elem 33 22 23 27
elem 34 22 27 26
elem 35 23 24 28
elem 36 23 28 27
boun 1 0.0
boun 5 0.1111111111111111
boun 9 0.4444444444444444
boun 13 1.0
boun 17 1.7777777777777777
boun 21 2.7777777777777772
boun 25 4.0
boun 2 0.1111111111111111
boun 3 0.4444444444444444
boun 4 1.0
boun 6 1.1111111111111112
boun 10 1.4444444444444444
boun 14 2.0
boun 18 2.7777777777777777
boun 22 3.7777777777777772
boun 26 5.0
boun 11 4.444444444444445
boun 12 5.0
