mesh 1 81 78 32
node 1 0.000000 0.000000
node 2 0.000000 0.125000
node 3 0.000000 0.250000
node 4 0.000000 0.375000
node 5 0.000000 0.500000
node 6 0.000000 0.625000
node 7 0.000000 0.750000
node 8 0.000000 0.875000
node 9 0.000000 1.000000
node 10 0.125000 0.000000
node 11 0.125000 0.125000
node 12 0.125000 0.250000
node 13 0.125000 0.375000
node 14 0.125000 0.500000
node 15 0.125000 0.625000
node 16 0.125000 0.750000
node 17 0.125000 0.875000
node 18 0.125000 1.000000
node 19 0.250000 0.000000
node 20 0.250000 0.125000
node 21 0.250000 0.250000
node 22 0.250000 0.375000
node 23 0.250000 0.500000
node 24 0.250000 0.625000
node 25 0.250000 0.750000
node 26 0.250000 0.875000
node 27 0.250000 1.000000
node 28 0.375000 0.000000
node 29 0.375000 0.125000
node 30 0.375000 0.250000
node 31 0.375000 0.375000
node 32 0.375000 0.500000
node 33 0.375000 0.625000
node 34 0.375000 0.750000
node 35 0.375000 0.875000
node 36 0.375000 1.000000
node 37 0.500000 0.000000
node 38 0.500000 0.125000
node 39 0.500000 0.250000
node 40 0.500000 0.375000
node 41 0.500000 0.500000
node 42 0.500000 0.625000
node 43 0.500000 0.750000
node 44 0.500000 0.875000
node 45 0.500000 1.000000
node 46 0.625000 0.000000
node 47 0.625000 0.125000
node 48 0.625000 0.250000
node 49 0.625000 0.375000
node 50 0.625000 0.500000
node 51 0.625000 0.625000
node 52 0.625000 0.750000
node 53 0.625000 0.875000
node 54 0.625000 1.000000
node 55 0.750000 0.000000
node 56 0.750000 0.125000
node 57 0.750000 0.250000
node 58 0.750000 0.375000
node 59 0.750000 0.500000
node 60 0.750000 0.625000
node 61 0.750000 0.750000
node 62 0.750000 0.875000
node 63 0.750000 1.000000
node 64 0.875000 0.000000
node 65 0.875000 0.125000
node 66 0.875000 0.250000
node 67 0.875000 0.375000
node 68 0.875000 0.500000
node 69 0.875000 0.625000
node 70 0.875000 0.750000
node 71 0.875000 0.875000
node 72 0.875000 1.000000
node 73 1.000000 0.000000
node 74 1.000000 0.125000
node 75 1.000000 0.250000
node 76 1.000000 0.375000
node 77 1.000000 0.500000
node 78 1.000000 0.625000
node 79 1.000000 0.750000
node 80 1.000000 0.875000
node 81 1.000000 1.000000
elem 1 10 2 1
elem 2 11 3 2
elem 3 11 2 10
elem 4 12 4 3
elem 5 12 3 11
elem 6 13 5 4
elem 7 13 4 12
elem 8 14 6 5
elem 9 14 5 13
elem 10 15 7 6
elem 11 15 6 14
elem 12 16 8 7
elem 13 16 7 15
elem 14 17 9 8
elem 15 17 8 16
elem 16 18 9 17
elem 17 19 11 10
elem 18 20 12 11
elem 19 20 11 19
elem 20 21 13 12
elem 21 21 12 20
elem 22 22 14 13
elem 23 22 13 21
elem 24 23 15 14
elem 25 23 14 22
elem 26 24 16 15
elem 27 24 15 23
elem 28 25 17 16
elem 29 25 16 24
elem 30 26 18 17
elem 31 26 17 25
elem 32 27 18 26
elem 33 28 20 19
elem 34 29 21 20
elem 35 29 20 28
elem 36 30 22 21
elem 37 30 21 29
elem 38 31 23 22
elem 39 31 22 30
elem 40 32 24 23
elem 41 32 23 31
elem 42 33 25 24
elem 43 33 24 32
elem 44 34 26 25
elem 45 34 25 33
elem 46 35 27 26
elem 47 35 26 34
elem 48 36 27 35
elem 49 37 29 28
elem 50 38 30 29
elem 51 38 29 37
elem 52 39 31 30
elem 53 39 30 38
elem 54 40 32 31
elem 55 40 31 39
elem 56 41 33 32
elem 57 41 32 40
elem 58 42 34 33
elem 59 42 33 41
elem 60 43 35 34
elem 61 43 34 42
elem 62 44 36 35
elem 63 44 35 43
elem 64 45 36 44
elem 65 46 38 37
elem 66 47 39 38
elem 67 47 38 46
elem 68 48 40 39
elem 69 48 39 47
elem 70 49 41 40
elem 71 49 40 48
elem 72 50 42 41
elem 73 51 43 42
elem 74 52 44 43
elem 75 53 45 44
elem 76 55 47 46
elem 77 56 48 47
elem 78 57 49 48
boud 1 0
boud 2 0
boud 3 0
boud 4 0
boud 5 0
boud 6 0
boud 7 0
boud 8 0
boud 9 0
boud 10 0
boud 18 0.125
boud 19 0
boud 27 0.25
boud 28 0
boud 36 0.375
boud 37 0
boud 45 0.5
boud 46 0
boud 54 0.625
boud 55 0
boud 63 0.75
boud 64 0
boud 72 0.875
boud 73 0
boud 74 0.125
boud 75 0.25
boud 76 0.375
boud 77 0.5
boud 78 0.625
boud 79 0.75
boud 80 0.875
boud 81 1.0