x11 0.125000 0.125000 0.006264
x12 0.125000 0.250000 0.013444
x13 0.125000 0.375000 0.022517
x14 0.125000 0.500000 0.034540
x15 0.125000 0.625000 0.050380
x16 0.125000 0.750000 0.070837
x17 0.125000 0.875000 0.096141
x20 0.250000 0.125000 0.011644
x21 0.250000 0.250000 0.024996
x22 0.250000 0.375000 0.042087
x23 0.250000 0.500000 0.065264
x24 0.250000 0.625000 0.096165
x25 0.250000 0.750000 0.136847
x26 0.250000 0.875000 0.188739
x29 0.375000 0.125000 0.015305
x30 0.375000 0.250000 0.032803
x31 0.375000 0.375000 0.055592
x32 0.375000 0.500000 0.088269
x33 0.375000 0.625000 0.132168
x34 0.375000 0.750000 0.191644
x35 0.375000 0.875000 0.271977
x38 0.500000 0.125000 0.016765
x39 0.500000 0.250000 0.035324
x40 0.500000 0.375000 0.059201
x41 0.500000 0.500000 0.100032
x42 0.500000 0.625000 0.152594
x43 0.500000 0.750000 0.225577
x44 0.500000 0.875000 0.332526
x47 0.625000 0.125000 0.016426
x48 0.625000 0.250000 0.032536
x49 0.625000 0.375000 0.045865
x50 0.625000 0.500000 0.100094
x51 0.625000 0.625000 0.152601
x52 0.625000 0.750000 0.225520
x53 0.625000 0.875000 0.332558
x56 0.750000 0.125000 0.016414
x57 0.750000 0.250000 0.032533
x58 0.750000 0.375000 0.000000
x59 0.750000 0.500000 0.000000
x60 0.750000 0.625000 0.000000
x61 0.750000 0.750000 0.000000
x62 0.750000 0.875000 0.000000
x65 0.875000 0.125000 0.000000
x66 0.875000 0.250000 0.000000
x67 0.875000 0.375000 0.000000
x68 0.875000 0.500000 0.000000
x69 0.875000 0.625000 0.000000
x70 0.875000 0.750000 0.000000
x71 0.875000 0.875000 0.000000
x1 0.000000 0.000000 0.000000
x2 0.000000 0.125000 0.000000
x3 0.000000 0.250000 0.000000
x4 0.000000 0.375000 0.000000
x5 0.000000 0.500000 0.000000
x6 0.000000 0.625000 0.000000
x7 0.000000 0.750000 0.000000
x8 0.000000 0.875000 0.000000
x9 0.000000 1.000000 0.000000
x10 0.125000 0.000000 0.000000
x18 0.125000 1.000000 0.125000
x19 0.250000 0.000000 0.000000
x27 0.250000 1.000000 0.250000
x28 0.375000 0.000000 0.000000
x36 0.375000 1.000000 0.375000
x37 0.500000 0.000000 0.000000
x45 0.500000 1.000000 0.500000
x46 0.625000 0.000000 0.000000
x54 0.625000 1.000000 0.625000
x55 0.750000 0.000000 0.000000
x63 0.750000 1.000000 0.750000
x64 0.875000 0.000000 0.000000
x72 0.875000 1.000000 0.875000
x73 1.000000 0.000000 0.000000
x74 1.000000 0.125000 0.125000
x75 1.000000 0.250000 0.250000
x76 1.000000 0.375000 0.375000
x77 1.000000 0.500000 0.500000
x78 1.000000 0.625000 0.625000
x79 1.000000 0.750000 0.750000
x80 1.000000 0.875000 0.875000
x81 1.000000 1.000000 1.000000
