x7 0.250000 0.250000 0.062500
x8 0.250000 0.500000 0.125000
x9 0.250000 0.750000 0.187500
x12 0.500000 0.250000 0.125000
x13 0.500000 0.500000 0.250000
x14 0.500000 0.750000 0.375000
x17 0.750000 0.250000 0.187500
x18 0.750000 0.500000 0.375000
x19 0.750000 0.750000 0.562500
x1 0.000000 0.000000 0.000000
x2 0.000000 0.250000 0.000000
x3 0.000000 0.500000 0.000000
x4 0.000000 0.750000 0.000000
x5 0.000000 1.000000 0.000000
x6 0.250000 0.000000 0.000000
x10 0.250000 1.000000 0.250000
x11 0.500000 0.000000 0.000000
x15 0.500000 1.000000 0.500000
x16 0.750000 0.000000 0.000000
x20 0.750000 1.000000 0.750000
x21 1.000000 0.000000 0.000000
x22 1.000000 0.250000 0.250000
x23 1.000000 0.500000 0.500000
x24 1.000000 0.750000 0.750000
x25 1.000000 1.000000 1.000000
