mesh 1 81 0 0
node 1 0 0
node 2 0 0.125
node 3 0 0.25
node 4 0 0.375
node 5 0 0.5
node 6 0 0.625
node 7 0 0.75
node 8 0 0.875
node 9 0 1.0
node 10 0.125 0
node 11 0.125 0.125
node 12 0.125 0.25
node 13 0.125 0.375
node 14 0.125 0.5
node 15 0.125 0.625
node 16 0.125 0.75
node 17 0.125 0.875
node 18 0.125 1.0
node 19 0.25 0
node 20 0.25 0.125
node 21 0.25 0.25
node 22 0.25 0.375
node 23 0.25 0.5
node 24 0.25 0.625
node 25 0.25 0.75
node 26 0.25 0.875
node 27 0.25 1.0
node 28 0.375 0
node 29 0.375 0.125
node 30 0.375 0.25
node 31 0.375 0.375
node 32 0.375 0.5
node 33 0.375 0.625
node 34 0.375 0.75
node 35 0.375 0.875
node 36 0.375 1.0
node 37 0.5 0
node 38 0.5 0.125
node 39 0.5 0.25
node 40 0.5 0.375
node 41 0.5 0.5
node 42 0.5 0.625
node 43 0.5 0.75
node 44 0.5 0.875
node 45 0.5 1.0
node 46 0.625 0
node 47 0.625 0.125
node 48 0.625 0.25
node 49 0.625 0.375
node 50 0.625 0.5
node 51 0.625 0.625
node 52 0.625 0.75
node 53 0.625 0.875
node 54 0.625 1.0
node 55 0.75 0
node 56 0.75 0.125
node 57 0.75 0.25
node 58 0.75 0.375
node 59 0.75 0.5
node 60 0.75 0.625
node 61 0.75 0.75
node 62 0.75 0.875
node 63 0.75 1.0
node 64 0.875 0
node 65 0.875 0.125
node 66 0.875 0.25
node 67 0.875 0.375
node 68 0.875 0.5
node 69 0.875 0.625
node 70 0.875 0.75
node 71 0.875 0.875
node 72 0.875 1.0
node 73 1.0 0
node 74 1.0 0.125
node 75 1.0 0.25
node 76 1.0 0.375
node 77 1.0 0.5
node 78 1.0 0.625
node 79 1.0 0.75
node 80 1.0 0.875
node 81 1.0 1.0
